0, 0, 3089.02, 370 K, 437 K
1, 10, 3088.12, 371 K, 481 K
2, 20, 3109.05, 371 K, 481 K
3, 50, 3111.75, 371 K, 481 K
4, 100, 3104.71, 372 K, 481 K
5, 200, 3104.62, 373 K, 481 K
6, 500, 2983.02, 372 K, 481 K
7, 1000, 2984.14, 372 K, 481 K
8, 2000, 3053.60, 373 K, 481 K
9, 5000, 3067.02, 374 K, 481 K
10, 10000, 3074.15, 379 K, 483 K
11, 20000, 3096.33, 384 K, 485 K
12, 50000, 2413.01, 410 K, 487 K
13, 100000, 1467.71, 432 K, 494 K
14, 200000, 821.16, 471 K, 507 K
15, 500000, 355.43, 513 K, 548 K
16, 1000000, 183.39, 944 K, 614 K
