0, 0, 3134.45, 370 kB, 481 kB
1, 10, 2976.30, 373 kB, 481 kB
2, 20, 2911.94, 373 kB, 481 kB
3, 50, 2642.30, 372 kB, 481 kB
4, 100, 2290.59, 372 kB, 481 kB
5, 200, 1807.54, 372 kB, 481 kB
6, 500, 1094.92, 372 kB, 481 kB
7, 1000, 674.03, 373 kB, 481 kB
8, 2000, 378.08, 374 kB, 481 kB
9, 5000, 163.43, 375 kB, 481 kB
10, 10000, 83.40, 379 kB, 481 kB
11, 20000, 42.11, 383 kB, 481 kB
12, 50000, 16.68, 415 kB, 481 kB
13, 100000, 8.56, 432 kB, 481 kB
14, 200000, 4.24, 468 kB, 481 kB
15, 500000, 1.77, 880 kB, 481 kB
16, 1000000, 0.84, 1021 kB, 481 kB
