0, 0, 2970.09, 371 kB, 481 kB
1, 10, 2784.03, 371 kB, 481 kB
2, 20, 2784.06, 373 kB, 481 kB
3, 50, 2396.77, 372 kB, 481 kB
4, 100, 1992.03, 373 kB, 481 kB
5, 200, 1443.73, 376 kB, 481 kB
6, 500, 699.23, 380 kB, 481 kB
7, 1000, 321.70, 393 kB, 481 kB
8, 2000, 177.07, 412 kB, 481 kB
9, 5000, 76.22, 465 kB, 483 kB
10, 10000, 39.08, 556 kB, 485 kB
11, 20000, 19.85, 734 kB, 491 kB
12, 50000, 7.95, 1256 kB, 505 kB
13, 100000, 3.89, 2114 kB, 530 kB
14, 200000, 1.88, 3825 kB, 582 kB
15, 500000, 0.80, 9004 kB, 732 kB
16, 1000000, 0.39, 13451 kB, 983 kB
